# Game Level Exporter v1.0
CAMERA
Camera
<Matrix 4x4 ( 0.6859,  0.0000,  0.7277, 0.0000)
            (-0.3240,  0.8954,  0.3054, 0.0000)
            (-0.6516, -0.4453,  0.6142, 0.0000)
            ( 7.3589,  4.9583, -6.9258, 1.0000)>
MESH
Chest
<Matrix 4x4 ( 0.9575, 0.0000,  0.2883, 0.0000)
            ( 0.0000, 1.0000, -0.0000, 0.0000)
            (-0.2883, 0.0000,  0.9575, 0.0000)
            ( 0.3869, 0.0000,  3.0820, 1.0000)>
MESH
Cart
<Matrix 4x4 ( 1.0000, 0.0000,  0.0000, 0.0000)
            ( 0.0000, 1.0000, -0.0000, 0.0000)
            ( 0.0000, 0.0000,  1.0000, 0.0000)
            (-2.1231, 0.0000, -0.3971, 1.0000)>
MESH
Mushroom
<Matrix 4x4 (2.0000, 0.0000,  0.0000, 0.0000)
            (0.0000, 2.0000, -0.0000, 0.0000)
            (0.0000, 0.0000,  2.0000, 0.0000)
            (2.7140, 0.0000,  0.4695, 1.0000)>
MESH
Plane
<Matrix 4x4 (1.5000,  0.0000,  0.0000, 0.0000)
            (0.0000,  1.0000, -0.0000, 0.0000)
            (0.0000,  0.0000,  1.5000, 0.0000)
            (0.0000, -0.1672,  0.0000, 1.0000)>
MESH
Bomb
<Matrix 4x4 (1.0000, 0.0000,  0.0000, 0.0000)
            (0.0000, 1.0000, -0.0000, 0.0000)
            (0.0000, 0.0000,  1.0000, 0.0000)
            (5.4800, 0.1067,  3.8245, 1.0000)>
MESH
Flag
<Matrix 4x4 (1.0000, 0.0000,  0.0000, 0.0000)
            (0.0000, 1.0000, -0.0000, 0.0000)
            (0.0000, 0.0000,  1.0000, 0.0000)
            (8.1048, 0.0000,  4.6010, 1.0000)>
MESH
Crate
<Matrix 4x4 (1.0000, 0.0000,  0.0000, 0.0000)
            (0.0000, 1.0000, -0.0000, 0.0000)
            (0.0000, 0.0000,  1.0000, 0.0000)
            (6.5386, 0.3154,  0.3640, 1.0000)>
MESH
YellowBox
<Matrix 4x4 ( 1.0000, 0.0000,  0.0000, 0.0000)
            ( 0.0000, 1.0000, -0.0000, 0.0000)
            ( 0.0000, 0.0000,  1.0000, 0.0000)
            (-1.8452, 0.2529,  3.5776, 1.0000)>
MESH
Bookcase_Full
<Matrix 4x4 (1.0000, 0.0000,  0.0000, 0.0000)
            (0.0000, 1.0000, -0.0000, 0.0000)
            (0.0000, 0.0000,  1.0000, 0.0000)
            (2.4267, 0.0000,  4.2080, 1.0000)>
