# Game Level Exporter v1.0
CAMERA
Camera
<Matrix 4x4 (1.0000,  0.0000,   0.0000, 0.0000)
            (0.0000,  0.8954,   0.4453, 0.0000)
            (0.0000, -0.4453,   0.8954, 0.0000)
            (0.7363,  4.9583, -13.2196, 1.0000)>
MESH
plane
<Matrix 4x4 (10.0000, 0.0000,  0.0000, 0.0000)
            ( 0.0000, 1.0000, -0.0000, 0.0000)
            ( 0.0000, 0.0000, 10.0000, 0.0000)
            ( 0.0000, 0.0000,  0.0000, 1.0000)>
MESH
monkey
<Matrix 4x4 (1.0000, 0.0000,  0.0000, 0.0000)
            (0.0000, 1.0000, -0.0000, 0.0000)
            (0.0000, 0.0000,  1.0000, 0.0000)
            (6.7992, 1.4381,  6.2324, 1.0000)>
MESH
monkey
<Matrix 4x4 (1.0000, 0.0000,  0.0000, 0.0000)
            (0.0000, 1.0000, -0.0000, 0.0000)
            (0.0000, 0.0000,  1.0000, 0.0000)
            (3.7992, 1.4381,  6.2324, 1.0000)>
MESH
mosin9130
<Matrix 4x4 ( 0.2493, 0.0000, -0.9684, 0.0000)
            (-0.0000, 1.0000, -0.0000, 0.0000)
            ( 0.9684, 0.0000,  0.2493, 0.0000)
            (-3.3582, 0.7475,  6.2617, 1.0000)>
MESH
skyscraperA
<Matrix 4x4 (-0.0000, 0.0000,  1.0000, 0.0000)
            ( 0.0000, 1.0000,  0.0000, 0.0000)
            (-1.0000, 0.0000, -0.0000, 0.0000)
            (-5.9235, 0.0000, -2.5196, 1.0000)>
MESH
skyscraperA
<Matrix 4x4 (-0.0000, 0.0000,  1.0000, 0.0000)
            ( 0.0000, 1.0000,  0.0000, 0.0000)
            (-1.0000, 0.0000, -0.0000, 0.0000)
            (-5.9235, 0.0000, -0.5196, 1.0000)>
MESH
skyscraperA
<Matrix 4x4 (-0.0000, 0.0000,  1.0000, 0.0000)
            ( 0.0000, 1.0000,  0.0000, 0.0000)
            (-1.0000, 0.0000, -0.0000, 0.0000)
            (-5.9235, 0.0000,  1.4804, 1.0000)>
MESH
low_wideA
<Matrix 4x4 ( 1.0000, 0.0000,  0.0000, 0.0000)
            ( 0.0000, 1.0000, -0.0000, 0.0000)
            ( 0.0000, 0.0000,  1.0000, 0.0000)
            (-5.9133, 0.0000, -4.1682, 1.0000)>
MESH
low_wideA
<Matrix 4x4 ( 1.0000, 0.0000,  0.0000, 0.0000)
            ( 0.0000, 1.0000, -0.0000, 0.0000)
            ( 0.0000, 0.0000,  1.0000, 0.0000)
            (-5.9133, 0.0000, -5.1682, 1.0000)>
MESH
low_wideA
<Matrix 4x4 ( 1.0000, 0.0000,  0.0000, 0.0000)
            ( 0.0000, 1.0000, -0.0000, 0.0000)
            ( 0.0000, 0.0000,  1.0000, 0.0000)
            (-4.7065, 0.0000, -4.6192, 1.0000)>
MESH
skyscraperB
<Matrix 4x4 ( 0.2504, 0.0000,  0.9681, 0.0000)
            ( 0.0000, 1.0000, -0.0000, 0.0000)
            (-0.9681, 0.0000,  0.2504, 0.0000)
            (-6.9430, 0.0000, -6.4473, 1.0000)>
